<svg version="1.1" xmlns="http://www.w3.org/2000/svg" viewBox="0 0 1920 980">
  <style>
    .wave-large {
      fill: #7443DF;
    }
    .wave-small {
      fill: #7443DF;
    }
    /* You can override these styles with your own CSS */
  </style>
  
  <!-- Main purple wave with smooth, flowing curves - preserving original shape more closely -->
  <path class="wave-large" d="M840,0 
           C1196.4,0 1552.8,0 1920,0 
           C1920,323.4 1920,646.8 1920,980 
           C1911.42,978.68 1902.84,977.36 1894,976 
           C1888.02,975.29 1882.05,974.63 1876.06,974.06 
           C1874.41,973.90 1872.75,973.74 1871.10,973.58 
           C1859.38,972.44 1847.65,971.46 1835.92,970.50 
           C1760.46,964.33 1685.97,954.44 1617.92,918.99 
           C1615.92,917.96 1613.92,916.94 1611.91,915.93 
           C1595.76,907.66 1580.54,897.84 1566,887 
           C1565.46,886.60 1564.91,886.19 1564.35,885.77 
           C1554.51,878.41 1554.51,878.41 1549.96,874.28 
           C1541.14,866.28 1531.67,861.20 1521,856 
           C1519.77,855.39 1518.53,854.77 1517.30,854.16 
           C1497.21,844.17 1476.88,834.79 1456.33,825.79 
           C1451.80,823.80 1447.30,821.79 1442.80,819.74 
           C1426.93,812.53 1410.92,805.73 1394.82,799.03 
           C1382.55,793.91 1370.30,788.76 1358.08,783.53 
           C1356.31,782.78 1354.54,782.02 1352.77,781.27 
           C1323.41,768.75 1323.41,768.75 1310.25,761.38 
           C1309.53,760.97 1308.80,760.57 1308.06,760.15 
           C1279.74,744.01 1248.52,722.82 1232,694 
           C1231.45,693.06 1230.89,692.12 1230.32,691.15 
           C1217.54,667.70 1215.78,639.32 1215.88,613.19 
           C1215.88,612.53 1215.88,611.87 1215.88,611.19 
           C1215.90,598.11 1216.33,585.06 1217,572 
           C1216.29,571.88 1215.58,571.75 1214.85,571.63 
           C1211.88,570.97 1209.20,570.04 1206.36,568.95 
           C1204.69,568.31 1204.69,568.31 1202.98,567.66 
           C1201.77,567.20 1200.56,566.73 1199.31,566.25 
           C1198.03,565.76 1196.75,565.27 1195.47,564.78 
           C1193.44,564.00 1191.42,563.22 1189.39,562.44 
           C1184.36,560.51 1179.31,558.62 1174.26,556.73 
           C1132.04,540.93 1087.85,520.92 1067.75,477.73 
           C1063.82,468.77 1060.13,458.42 1059.93,448.57 
           C1059.75,444.67 1059.40,441.65 1058,438 
           C1054.30,434.83 1050.27,433.01 1045.80,431.22 
           C1042.93,430.07 1040.12,428.81 1037.30,427.55 
           C1035.88,426.92 1034.45,426.29 1033.03,425.68 
           C1027.00,423.06 1021.25,420.06 1015.56,416.75 
           C1014.73,416.27 1013.90,415.78 1013.04,415.28 
           C997.03,405.80 982.64,394.66 969,382 
           C968.36,381.42 967.72,380.83 967.07,380.23 
           C946.52,360.69 938.83,331.24 937.89,303.79 
           C937.83,300.34 937.81,296.89 937.81,293.44 
           C937.81,292.14 937.81,290.84 937.81,289.50 
           C937.84,280.55 938.26,271.67 938.86,262.74 
           C939.80,248.58 940.24,234.46 940.30,220.27 
           C940.31,218.21 940.32,216.15 940.34,214.10 
           C940.73,167.02 925.91,126.83 893,93 
           C891.78,91.79 890.55,90.58 889.31,89.38 
           C884.80,84.92 880.90,79.98 877,75 
           C876.58,74.46 876.15,73.93 875.72,73.38 
           C861.18,54.81 840,24.48 840,0 Z"/>
  
  <!-- Small shape also in purple with flowing curves more similar to original -->
  <path class="wave-small" d="M0,0 
           C48.18,0 96.36,0 146,0 
           C140.94,16.86 132.20,25.51 116.90,33.99 
           C110.66,37.30 104.06,39.70 97.44,42.13 
           C94.81,43.10 92.18,44.08 89.56,45.07 
           C88.93,45.31 88.29,45.54 87.64,45.79 
           C82.12,47.89 76.81,50.33 71.50,52.89 
           C69,54 69,54 67,54 
           C67.01,55.01 67.01,55.01 67.02,56.05 
           C67.09,63.12 67.13,70.19 67.16,77.27 
           C67.18,79.90 67.20,82.53 67.23,85.17 
           C67.26,88.97 67.28,92.77 67.29,96.58 
           C67.31,97.74 67.32,98.90 67.34,100.10 
           C67.34,113.92 64.21,125.06 54.81,135.41 
           C44.62,145.20 31.87,150.85 18.81,155.73 
           C16.71,156.52 14.61,157.32 12.51,158.13 
           C2.34,162 2.34,162 0,162 
           C0,108.54 0,55.08 0,0 Z"/>
</svg>